# Project:  michaelis_oral         Date:  Thu Jun 25 17:31:52 2020            
537.086313551323 -3.0236087618774 964.759170346162 -10.4294441238239 0 0 0 0 0 0
-3.02360876187733 3.42313465423165 54.586508862606 -0.823145962387688 0 0 0 0 0 0
964.759170346163 54.586508862606 6463.96656079036 -80.7552475170887 0 0 0 0 0 0
-10.429444123824 -0.823145962387687 -80.7552475170887 1.01949021844145 0 0 0 0 0 0
0 0 0 0 721.154270510376 5.14249309400708 14.8921641082723 0.0435093218927864 252.571879374778 778.41920465327
0 0 0 0 5.14249309400749 1483.04049959552 10.7268730193065 0.0609812347855638 17.5320352558605 104.533794627301
0 0 0 0 14.8921641082723 10.7268730193066 4.27856524277924 0.0166948096039584 21.2858714021009 123.60278800485
0 0 0 0 0.0435093218927864 0.0609812347855638 0.0166948096039584 6.65190595518594e-05 0.0814029957653714 0.474291450410185
0 0 0 0 252.571879374778 17.5320352558605 21.2858714021009 0.0814029957653714 2927.68160066048 6416.09203994511
0 0 0 0 778.41920465327 104.533794627301 123.60278800485 0.474291450410185 6416.09203994511 34756.0232039091
